0-V then all rV's
Start with 0 and do a V
0       0 3 4 1 2 -  6 5 8 7 -  9 12 13 10 11 -  15 14 17 16 -  18 21 22 19 20 -  24 23 26 25 f 
1       0 -  3 4 1 2 7 8 5 6 -  11 10 13 12 9 15 14 -  16 17 -  18 -  21 22 19 20 25 26 23 24   V 1-8-7-2-1-8
2       20 19 22 21 -  25 26 23 24 0 -  6 5 8 7 2 1 4 3 11 10 13 12 9 -  14 15 -  16 -  17 18  rV 4-5-13-2-1-2
3       17 -  18 21 22 19 20 -  0 24 23 26 25 6 5 8 7 2 1 4 3 -  9 12 13 10 11 -  14 -  15 16  rV 1-5-13-5-1-2
4       15 -  16 17 -  20 19 22 21 18 0 24 23 26 25 -  3 4 1 2 7 8 5 6 -  9 -  12 13 10 11 14  rV 1-2-10-8-1-5
5       11 10 13 12 -  14 15 -  17 16 20 19 22 21 18 -  25 26 23 24 0 -  2 1 4 3 -  7 8 5 6 9  rV 4-2-7-5-4-5
0        6 5 8 7 -  9 12 13 10 11 -  15 14 17 16 -  18 21 22 19 20 -  24 23 26 25 -  0 3 4 1 2  rV 4-5-4-5-4-5


0-RV  then all RV's
No.     Pat1           Pat2               Pat 3                  Pat 4                Pat 5              Pat 6      Actions 
0       0 3 4 1 2 -  6 5 8 7 -  9 12 13 10 11 -  15 14 17 16 -  18 21 22 19 20 -  24 23 26 25 f 
6      5 6 -  8 7 11 10 13 12 9 -  16 17 14 15 18 -  20 19 22 21 -  23 24 -  26 25 2 1 4 3 0  RV 2-7-5-4-2-7
7       7 8 -  11 10 13 12 9 18 15 14 17 16 -  21 22 19 20 23 -  24 -  25 26 -  2 1 4 3 0 6 5  RV 2-10-5-1-2-7
8       9 12 13 10 11 -  18 15 14 17 16 23 20 19 22 21 -  24 25 -  26 -  0 3 4 1 2 -  6 5 8 7  RV 5-10-2-1-5-4
9       16 17 14 15 18 -  23 20 19 22 21 25 24 -  26 0 -  2 1 4 3 -  5 6 -  8 7 11 10 13 12 9  RV 5-7-2-4-2-7
10       21 22 19 20 23 -  25 24 0 26 -  3 4 1 2 5 -  6 -  7 8 -  11 10 13 12 9 18 15 14 17 16  RV 5-4-5-1-2-10
11       24 25 -  0 26 5 2 1 4 3 -  6 7 -  8 -  9 12 13 10 11 -  18 15 14 17 16 23 20 19 22 21  RV 2-7-2-1-5-10
12       26 0 -  5 2 1 4 3 7 6 -  8 9 -  11 10 13 12 -  16 17 14 15 18 -  23 20 19 22 21 25 24  RV 2-7-2-4-5-7
13       3 4 1 2 5 -  7 6 9 8 -  12 13 10 11 16 17 14 15 -  18 -  21 22 19 20 23 -  25 24 0 26  RV 5-4-8-1-5-4
14       6 7 -  9 8 15 14 17 16 11 10 13 12 -  18 21 22 19 20 -  23 -  24 25 -  0 26 5 2 1 4 3  RV 2-10-5-1-2-7
15       8 9 -  15 14 17 16 11 10 13 12 20 19 22 21 18 -  23 24 -  25 -  26 0 -  5 2 1 4 3 7 6  RV 2-13-2-1-2-7
16       12 13 10 11 16 17 14 15 -  20 19 22 21 18 24 23 -  25 26 -  0 -  3 4 1 2 5 -  7 6 9 8  RV 8-7-2-1-5-4
17       18 21 22 19 20 -  24 23 26 25 -  0 3 4 1 2 -  5 -  6 7 -  9 8 15 14 17 16 11 10 13 12  RV 5-4-5-1-2-10
18       23 24 -  26 25 2 1 4 3 0 -  5 6 -  7 -  8 9 -  15 14 17 16 11 10 13 12 20 19 22 21 18  RV 2-7-2-1-2-13
19       25 26 -  2 1 4 3 0 6 5 -  7 8 -  9 -  12 13 10 11 16 17 14 15 -  20 19 22 21 18 24 23  RV 2-7-2-1-8-7
0        0 3 4 1 2 -  6 5 8 7 -  9 12 13 10 11 -  15 14 17 16 -  18 21 22 19 20 -  24 23 26 25  RV 5-4-5-4-5-4

0-V   1 rV  2  RRRV  20   RV  21   then all vV's  
No.     Pat1           Pat2               Pat 3                  Pat 4                Pat 5              Pat 6      Actions 
0       0 3 4 1 2 -  6 5 8 7 -  9 12 13 10 11 -  15 14 17 16 -  18 21 22 19 20 -  24 23 26 25 f 
1       0 -  3 4 1 2 7 8 5 6 -  11 10 13 12 9 15 14 -  16 17 -  18 -  21 22 19 20 25 26 23 24  V 1-8-7-2-1-8
2       20 19 22 21 -  25 26 23 24 0 -  6 5 8 7 2 1 4 3 11 10 13 12 9 -  14 15 -  16 -  17 18  rV 4-5-13-2-1-2
20       14 -  15 16 -  18 17 20 19 -  21 22 -  24 23 26 25 -  0 9 12 13 10 11 3 4 1 2 7 8 5 6  RRRV 1-2-4-2-4-14
21       15 -  16 19 20 17 18 -  22 21 24 23 -  25 26 -  0 -  9 12 13 10 11 3 4 1 2 7 8 5 6 14  RV 1-5-4-2-1-14
22       6 5 8 7 2 1 4 3 11 10 13 12 9 -  14 15 -  18 17 20 19 16 22 21 -  23 24 -  25 -  26 0  rV 13-2-7-2-1-2
23       26 -  0 9 12 13 10 11 3 4 1 2 7 8 5 6 -  15 14 18 17 20 19 16 -  21 22 -  23 -  24 25  rV 1-14-7-2-1-2
24       24 -  25 26 -  6 5 8 7 2 1 4 3 11 10 13 12 9 0 15 14 -  16 19 20 17 18 -  21 -  22 23  rV 1-2-16-5-1-2
25       22 -  23 24 -  26 25 6 5 8 7 2 1 4 3 11 10 13 12 9 0 -  14 15 -  16 -  19 20 17 18 21  rV 1-2-16-2-1-5
20       18 17 20 19 -  21 22 -  24 23 26 25 -  0 9 12 13 10 11 3 4 1 2 7 8 5 6 -  14 -  15 16  rV 4-2-4-14-1-2

0-V   1 rV  2  RRV  26   then all RV's  
No.     Pat1           Pat2               Pat 3                  Pat 4                Pat 5              Pat 6      Actions 
0       0 3 4 1 2 -  6 5 8 7 -  9 12 13 10 11 -  15 14 17 16 -  18 21 22 19 20 -  24 23 26 25 f 
1       0 -  3 4 1 2 7 8 5 6 -  11 10 13 12 9 15 14 -  16 17 -  18 -  21 22 19 20 25 26 23 24  V 1-8-7-2-1-8
2       20 19 22 21 -  25 26 23 24 0 -  6 5 8 7 2 1 4 3 11 10 13 12 9 -  14 15 -  16 -  17 18  rV 4-5-13-2-1-2
26       3 4 1 2 7 8 5 6 -  11 10 13 12 9 15 14 -  16 17 -  18 -  19 20 -  22 21 0 24 23 26 25  RRV 8-7-2-1-2-7
27       9 12 13 10 11 -  15 14 17 16 -  18 19 -  20 -  21 22 -  0 24 23 26 25 6 5 8 7 2 1 4 3  RV 5-4-2-1-2-13
28       14 15 -  17 16 19 18 -  20 21 -  22 -  25 26 23 24 0 -  6 5 8 7 2 1 4 3 11 10 13 12 9  RV 2-4-2-1-5-13
29       16 17 -  19 18 21 20 -  22 25 26 23 24 -  0 -  3 4 1 2 7 8 5 6 -  11 10 13 12 9 15 14  RV 2-4-5-1-8-7
30       18 19 -  21 20 24 23 26 25 22 -  0 3 4 1 2 -  6 5 8 7 -  9 12 13 10 11 -  15 14 17 16  RV 2-7-5-4-5-4
31       20 21 -  24 23 26 25 22 2 1 4 3 0 -  7 8 5 6 9 -  11 10 13 12 -  14 15 -  17 16 19 18  RV 2-10-5-4-2-4
32       22 25 26 23 24 -  2 1 4 3 0 9 6 5 8 7 -  12 13 10 11 14 -  15 -  16 17 -  19 18 21 20  RV 5-10-5-1-2-4
33       0 3 4 1 2 -  9 6 5 8 7 14 11 10 13 12 -  15 16 -  17 -  18 19 -  21 20 24 23 26 25 22  RV 5-10-2-1-2-7
34       7 8 5 6 9 -  14 11 10 13 12 16 15 -  17 18 -  19 -  20 21 -  24 23 26 25 22 2 1 4 3 0  RV 5-7-2-1-2-10
35       12 13 10 11 14 -  16 15 18 17 -  19 20 -  21 -  22 25 26 23 24 -  2 1 4 3 0 9 6 5 8 7  RV 5-4-2-1-5-10
36       15 16 -  18 17 20 19 -  21 22 -  24 23 26 25 -  0 3 4 1 2 -  9 6 5 8 7 14 11 10 13 12  RV 2-4-2-4-5-10
37       17 18 -  20 19 22 21 -  25 26 23 24 0 -  2 1 4 3 -  7 8 5 6 9 -  14 11 10 13 12 16 15  RV 2-4-5-4-5-7
38       19 20 -  22 21 0 24 23 26 25 -  3 4 1 2 7 8 5 6 -  9 -  12 13 10 11 14 -  16 15 18 17  RV 2-7-8-1-5-4
39       21 22 -  0 24 23 26 25 6 5 8 7 2 1 4 3 -  9 12 13 10 11 -  14 -  15 16 -  18 17 20 19  RV 2-13-5-1-2-4
40       25 26 23 24 0 -  6 5 8 7 2 1 4 3 11 10 13 12 9 -  14 15 -  16 -  17 18 -  20 19 22 21  RV 5-13-2-1-2-4
26       3 4 1 2 7 8 5 6 -  11 10 13 12 9 15 14 -  16 17 -  18 -  19 20 -  22 21 0 24 23 26 25  RV 8-7-2-1-2-7


0-V to 1 then 4rV's to 5  RRRV to 41  RRV to 6 then all RV back to 41
No.     Pat1           Pat2               Pat 3                  Pat 4                Pat 5              Pat 6      Actions 
0       0 3 4 1 2 -  6 5 8 7 -  9 12 13 10 11 -  15 14 17 16 -  18 21 22 19 20 -  24 23 26 25 f 
1       0 -  3 4 1 2 7 8 5 6 -  11 10 13 12 9 15 14 -  16 17 -  18 -  21 22 19 20 25 26 23 24   V 1-8-7-2-1-8
2       20 19 22 21 -  25 26 23 24 0 -  6 5 8 7 2 1 4 3 11 10 13 12 9 -  14 15 -  16 -  17 18   rV 4-5-13-2-1-2
3       17 -  18 21 22 19 20 -  0 24 23 26 25 6 5 8 7 2 1 4 3 -  9 12 13 10 11 -  14 -  15 16   rV 1-5-13-5-1-2
4       15 -  16 17 -  20 19 22 21 18 0 24 23 26 25 -  3 4 1 2 7 8 5 6 -  9 -  12 13 10 11 14   rV 1-2-10-8-1-5
5       11 10 13 12 -  14 15 -  17 16 20 19 22 21 18 -  25 26 23 24 0 -  2 1 4 3 -  7 8 5 6 9   rV 4-2-7-5-4-5
41       24 23 26 25 -  0 3 4 1 2 -  9 6 5 8 7 11 10 -  12 13 -  14 -  15 18 21 22 19 20 16 17  RRRV 4-5-7-2-1-8
6        7 8 5 6 9 -  11 10 13 12 -  14 15 -  17 16 20 19 22 21 18 -  23 24 -  26 25 2 1 4 3 0  RRV 5-4-2-7-2-7
42       10 11 -  13 12 15 14 -  18 21 22 19 20 16 17 23 -  24 -  25 26 -  2 1 4 3 0 9 6 5 8 7  RV 2-4-8-1-2-10
43       12 13 -  15 14 23 17 16 20 19 22 21 18 -  24 25 -  26 -  0 3 4 1 2 -  9 6 5 8 7 11 10  RV 2-10-2-1-5-7
44       14 15 -  23 17 16 20 19 22 21 18 25 24 -  26 0 -  2 1 4 3 -  7 8 5 6 9 -  11 10 13 12  RV 2-10-2-4-5-4
45       18 21 22 19 20 16 17 23 -  25 24 0 26 -  3 4 1 2 7 8 5 6 -  9 -  10 11 -  13 12 15 14  RV 8-4-8-1-2-4
46       24 25 -  0 26 6 5 8 7 2 1 4 3 -  9 10 -  11 -  12 13 -  15 14 23 17 16 20 19 22 21 18  RV 2-10-2-1-2-10
47       26 0 -  6 5 8 7 2 1 4 3 10 9 -  11 12 -  13 -  14 15 -  23 17 16 20 19 22 21 18 25 24  RV 2-10-2-1-2-10
48       3 4 1 2 7 8 5 6 -  10 9 12 11 -  13 14 -  15 -  18 21 22 19 20 16 17 23 -  25 24 0 26  RV 8-4-2-1-8-4
49       9 10 -  12 11 14 13 -  15 18 21 22 19 20 16 17 -  23 -  24 25 -  0 26 6 5 8 7 2 1 4 3  RV 2-4-8-1-2-10
50       11 12 -  14 13 17 16 20 19 22 21 18 15 -  23 24 -  25 -  26 0 -  6 5 8 7 2 1 4 3 10 9  RV 2-10-2-1-2-10
51       13 14 -  17 16 20 19 22 21 18 15 24 23 -  25 26 -  0 -  3 4 1 2 7 8 5 6 -  10 9 12 11  RV 2-10-2-1-8-4
52       15 18 21 22 19 20 16 17 -  24 23 26 25 -  0 3 4 1 2 -  6 5 8 7 -  9 10 -  12 11 14 13  RV 8-4-5-4-2-4
53       23 24 -  26 25 2 1 4 3 0 -  7 8 5 6 9 -  10 -  11 12 -  14 13 17 16 20 19 22 21 18 15  RV 2-7-5-1-2-10
54       25 26 -  2 1 4 3 0 9 6 5 8 7 -  10 11 -  12 -  13 14 -  17 16 20 19 22 21 18 15 24 23  RV 2-10-2-1-2-10
41       0 3 4 1 2 -  9 6 5 8 7 11 10 -  12 13 -  14 -  15 18 21 22 19 20 16 17 -  24 23 26 25  RV 5-7-2-1-8-4


0-V to 1 then 4rV's to 5  RRV

No.     Pat1           Pat2               Pat 3                  Pat 4                Pat 5              Pat 6      Actions 
0       0 3 4 1 2 -  6 5 8 7 -  9 12 13 10 11 -  15 14 17 16 -  18 21 22 19 20 -  24 23 26 25 f 
1       0 -  3 4 1 2 7 8 5 6 -  11 10 13 12 9 15 14 -  16 17 -  18 -  21 22 19 20 25 26 23 24  V 1-8-7-2-1-8
2       20 19 22 21 -  25 26 23 24 0 -  6 5 8 7 2 1 4 3 11 10 13 12 9 -  14 15 -  16 -  17 18  rV 4-5-13-2-1-2
3       17 -  18 21 22 19 20 -  0 24 23 26 25 6 5 8 7 2 1 4 3 -  9 12 13 10 11 -  14 -  15 16  rV 1-5-13-5-1-2
4       15 -  16 17 -  20 19 22 21 18 0 24 23 26 25 -  3 4 1 2 7 8 5 6 -  9 -  12 13 10 11 14  rV 1-2-10-8-1-5
5       11 10 13 12 -  14 15 -  17 16 20 19 22 21 18 -  25 26 23 24 0 -  2 1 4 3 -  7 8 5 6 9  rV 4-2-7-5-4-5
55       16 17 -  20 19 22 21 18 0 24 23 26 25 -  3 4 1 2 7 8 5 6 -  9 -  10 11 -  13 12 15 14  RRV 2-10-8-1-2-4
56       18 21 22 19 20 -  0 24 23 26 25 6 5 8 7 2 1 4 3 -  9 10 -  11 -  12 13 -  15 14 17 16  RV 5-13-2-1-2-4
57       25 26 23 24 0 -  6 5 8 7 2 1 4 3 10 9 -  11 12 -  13 -  14 15 -  17 16 20 19 22 21 18  RV 5-10-2-1-2-7
58       3 4 1 2 7 8 5 6 -  10 9 12 11 -  13 14 -  15 -  16 17 -  20 19 22 21 18 0 24 23 26 25  RV 8-4-2-1-2-10
59       9 10 -  12 11 14 13 -  15 16 -  17 -  18 21 22 19 20 -  0 24 23 26 25 6 5 8 7 2 1 4 3  RV 2-4-2-1-5-13
60       11 12 -  14 13 16 15 -  17 18 -  20 19 22 21 -  25 26 23 24 0 -  6 5 8 7 2 1 4 3 10 9  RV 2-4-2-4-5-10
61       13 14 -  16 15 18 17 -  21 22 19 20 25 26 23 24 -  0 -  3 4 1 2 7 8 5 6 -  10 9 12 11  RV 2-4-8-1-8-4
62       15 16 -  18 17 24 23 26 25 20 19 22 21 -  0 3 4 1 2 -  6 5 8 7 -  9 10 -  12 11 14 13  RV 2-10-5-4-2-4
63       17 18 -  24 23 26 25 20 19 22 21 2 1 4 3 0 -  7 8 5 6 9 -  10 -  11 12 -  14 13 16 15  RV 2-13-5-1-2-4
64       21 22 19 20 25 26 23 24 -  2 1 4 3 0 9 6 5 8 7 -  10 11 -  12 -  13 14 -  16 15 18 17  RV 8-10-2-1-2-4
65       0 3 4 1 2 -  9 6 5 8 7 11 10 -  12 13 -  14 -  15 16 -  18 17 24 23 26 25 20 19 22 21  RV 5-7-2-1-2-10
66       7 8 5 6 9 -  11 10 13 12 -  14 15 -  16 -  17 18 -  24 23 26 25 20 19 22 21 2 1 4 3 0  RV 5-4-2-1-2-13
67       10 11 -  13 12 15 14 -  16 17 -  18 -  21 22 19 20 25 26 23 24 -  2 1 4 3 0 9 6 5 8 7  RV 2-4-2-1-8-10
68       12 13 -  15 14 17 16 -  18 21 22 19 20 -  24 23 26 25 -  0 3 4 1 2 -  9 6 5 8 7 11 10  RV 2-4-5-4-5-7
5       14 15 -  17 16 20 19 22 21 18 -  25 26 23 24 0 -  2 1 4 3 -  7 8 5 6 9 -  11 10 13 12  RV 2-7-5-4-5-4

0-V to 1 then 4rV's to 5  V to 69 RV's to 82 and RV back to 5
No.     Pat1           Pat2               Pat 3                  Pat 4                Pat 5              Pat 6      Actions 
0       0 3 4 1 2 -  6 5 8 7 -  9 12 13 10 11 -  15 14 17 16 -  18 21 22 19 20 -  24 23 26 25 f 
1       0 -  3 4 1 2 7 8 5 6 -  11 10 13 12 9 15 14 -  16 17 -  18 -  21 22 19 20 25 26 23 24  V 1-8-7-2-1-8
2       20 19 22 21 -  25 26 23 24 0 -  6 5 8 7 2 1 4 3 11 10 13 12 9 -  14 15 -  16 -  17 18  rV 4-5-13-2-1-2
3       17 -  18 21 22 19 20 -  0 24 23 26 25 6 5 8 7 2 1 4 3 -  9 12 13 10 11 -  14 -  15 16  rV 1-5-13-5-1-2
4       15 -  16 17 -  20 19 22 21 18 0 24 23 26 25 -  3 4 1 2 7 8 5 6 -  9 -  12 13 10 11 14  rV 1-2-10-8-1-5
5       11 10 13 12 -  14 15 -  17 16 20 19 22 21 18 -  25 26 23 24 0 -  2 1 4 3 -  7 8 5 6 9  rV 4-2-7-5-4-5
69       10 11 -  13 12 15 14 -  18 21 22 19 20 16 17 25 26 23 24 -  0 -  1 2 -  4 3 9 6 5 8 7  V 2-4-11-1-2-7
70       12 13 -  15 14 24 23 26 25 17 16 20 19 22 21 18 -  0 1 -  2 -  3 4 -  9 6 5 8 7 11 10  RV 2-13-2-1-2-7
71       14 15 -  24 23 26 25 17 16 20 19 22 21 18 1 0 -  2 3 -  4 -  7 8 5 6 9 -  11 10 13 12  RV 2-13-2-1-5-4
72       18 21 22 19 20 16 17 25 26 23 24 -  1 0 3 2 -  4 7 8 5 6 -  9 -  10 11 -  13 12 15 14  RV 11-4-5-1-2-4
73       0 1 -  3 2 6 5 8 7 4 -  9 10 -  11 -  12 13 -  15 14 24 23 26 25 17 16 20 19 22 21 18  RV 2-7-2-1-2-13
74       2 3 -  6 5 8 7 4 10 9 -  11 12 -  13 -  14 15 -  24 23 26 25 17 16 20 19 22 21 18 1 0  RV 2-7-2-1-2-13
75       4 7 8 5 6 -  10 9 12 11 -  13 14 -  15 -  18 21 22 19 20 16 17 25 26 23 24 -  1 0 3 2  RV 5-4-2-1-11-4
76       9 10 -  12 11 14 13 -  15 18 21 22 19 20 16 17 -  24 23 26 25 -  0 1 -  3 2 6 5 8 7 4  RV 2-4-8-4-2-7
77       11 12 -  14 13 17 16 20 19 22 21 18 15 -  25 26 23 24 0 -  1 -  2 3 -  6 5 8 7 4 10 9  RV 2-10-5-1-2-7
78       13 14 -  17 16 20 19 22 21 18 15 0 24 23 26 25 -  1 2 -  3 -  4 7 8 5 6 -  10 9 12 11  RV 2-13-2-1-5-4
79       15 18 21 22 19 20 16 17 -  0 24 23 26 25 2 1 -  3 4 -  6 5 8 7 -  9 10 -  12 11 14 13  RV 8-7-2-4-2-4
80       25 26 23 24 0 -  2 1 4 3 -  7 8 5 6 9 -  10 -  11 12 -  14 13 17 16 20 19 22 21 18 15  RV 5-4-5-1-2-10
81       1 2 -  4 3 9 6 5 8 7 -  10 11 -  12 -  13 14 -  17 16 20 19 22 21 18 15 0 24 23 26 25  RV 2-7-2-1-2-13
82       3 4 -  9 6 5 8 7 11 10 -  12 13 -  14 -  15 18 21 22 19 20 16 17 -  0 24 23 26 25 2 1  RV 2-7-2-1-8-7
5       7 8 5 6 9 -  11 10 13 12 -  14 15 -  17 16 20 19 22 21 18 -  25 26 23 24 0 -  2 1 4 3  RV 5-4-2-7-5-4


0-V to 1 then 4rV's to 5  RV to 83 RV to 84 5rv back to 83
No.     Pat1           Pat2               Pat 3                  Pat 4                Pat 5              Pat 6      Actions 
0       0 3 4 1 2 -  6 5 8 7 -  9 12 13 10 11 -  15 14 17 16 -  18 21 22 19 20 -  24 23 26 25 f 
1       0 -  3 4 1 2 7 8 5 6 -  11 10 13 12 9 15 14 -  16 17 -  18 -  21 22 19 20 25 26 23 24  V 1-8-7-2-1-8
2       20 19 22 21 -  25 26 23 24 0 -  6 5 8 7 2 1 4 3 11 10 13 12 9 -  14 15 -  16 -  17 18  rV 4-5-13-2-1-2
3       17 -  18 21 22 19 20 -  0 24 23 26 25 6 5 8 7 2 1 4 3 -  9 12 13 10 11 -  14 -  15 16  rV 1-5-13-5-1-2
4       15 -  16 17 -  20 19 22 21 18 0 24 23 26 25 -  3 4 1 2 7 8 5 6 -  9 -  12 13 10 11 14  rV 1-2-10-8-1-5
5       11 10 13 12 -  14 15 -  17 16 20 19 22 21 18 -  25 26 23 24 0 -  2 1 4 3 -  7 8 5 6 9  rV 4-2-7-5-4-5
83       14 -  15 18 21 22 19 20 16 17 -  0 24 23 26 25 2 1 -  3 4 -  6 5 8 7 -  9 12 13 10 11  RV 1-8-7-2-4-5
84       15 -  18 21 22 19 20 16 17 1 2 25 26 23 24 0 -  4 3 6 5 -  7 8 -  9 -  12 13 10 11 14  RV 1-14-4-2-1-5
85       11 10 13 12 -  14 15 -  0 24 23 26 25 2 1 17 16 20 19 22 21 18 4 3 -  5 6 -  7 -  8 9  rV 4-2-16-2-1-2
86       8 -  9 12 13 10 11 -  15 14 0 24 23 26 25 2 1 17 16 20 19 22 21 18 -  3 4 -  5 -  6 7  rV 1-5-16-2-1-2
87       6 -  7 8 -  11 10 13 12 9 15 14 -  18 21 22 19 20 16 17 1 2 25 26 23 24 0 -  3 -  4 5  rV 1-2-7-14-1-2
88       4 -  5 6 -  8 7 11 10 13 12 9 -  14 15 -  17 16 20 19 22 21 18 -  1 2 25 26 23 24 0 3  rV 1-2-7-2-7-8
83       0 24 23 26 25 2 1 -  3 4 -  6 5 8 7 -  9 12 13 10 11 -  14 -  15 18 21 22 19 20 16 17  rV 7-2-4-5-1-8


0-V to 1 then 4rV's to 5  RRRRV to 89 RV's to  back to 5

No.     Pat1           Pat2               Pat 3                  Pat 4                Pat 5              Pat 6      Actions 
0       0 3 4 1 2 -  6 5 8 7 -  9 12 13 10 11 -  15 14 17 16 -  18 21 22 19 20 -  24 23 26 25 f 
1       0 -  3 4 1 2 7 8 5 6 -  11 10 13 12 9 15 14 -  16 17 -  18 -  21 22 19 20 25 26 23 24  V 1-8-7-2-1-8
2       20 19 22 21 -  25 26 23 24 0 -  6 5 8 7 2 1 4 3 11 10 13 12 9 -  14 15 -  16 -  17 18  rV 4-5-13-2-1-2
3       17 -  18 21 22 19 20 -  0 24 23 26 25 6 5 8 7 2 1 4 3 -  9 12 13 10 11 -  14 -  15 16  rV 1-5-13-5-1-2
4       15 -  16 17 -  20 19 22 21 18 0 24 23 26 25 -  3 4 1 2 7 8 5 6 -  9 -  12 13 10 11 14  rV 1-2-10-8-1-5
5       11 10 13 12 -  14 15 -  17 16 20 19 22 21 18 -  25 26 23 24 0 -  2 1 4 3 -  7 8 5 6 9  rV 4-2-7-5-4-5
89       1 2 -  4 3 9 6 5 8 7 -  12 13 10 11 14 -  15 -  16 17 -  20 19 22 21 18 0 24 23 26 25  RRRRV 2-7-5-1-2-10
90       3 4 -  9 6 5 8 7 14 11 10 13 12 -  15 16 -  17 -  18 21 22 19 20 -  0 24 23 26 25 2 1  RV 2-10-2-1-5-7
91       7 8 5 6 9 -  14 11 10 13 12 16 15 -  17 18 -  20 19 22 21 -  25 26 23 24 0 -  2 1 4 3  RV 5-7-2-4-5-4
92       12 13 10 11 14 -  16 15 18 17 -  21 22 19 20 25 26 23 24 -  0 -  1 2 -  4 3 9 6 5 8 7  RV 5-4-8-1-2-7
93       15 16 -  18 17 24 23 26 25 20 19 22 21 -  0 1 -  2 -  3 4 -  9 6 5 8 7 14 11 10 13 12  RV 2-10-2-1-2-10
94       17 18 -  24 23 26 25 20 19 22 21 1 0 -  2 3 -  4 -  7 8 5 6 9 -  14 11 10 13 12 16 15  RV 2-10-2-1-5-7
95       21 22 19 20 25 26 23 24 -  1 0 3 2 -  4 7 8 5 6 -  9 -  12 13 10 11 14 -  16 15 18 17  RV 8-4-5-1-5-4
96       0 1 -  3 2 6 5 8 7 4 -  9 12 13 10 11 -  14 -  15 16 -  18 17 24 23 26 25 20 19 22 21  RV 2-7-5-1-2-10
97       2 3 -  6 5 8 7 4 11 10 13 12 9 -  14 15 -  16 -  17 18 -  24 23 26 25 20 19 22 21 1 0  RV 2-10-2-1-2-10
98       4 7 8 5 6 -  11 10 13 12 9 15 14 -  16 17 -  18 -  21 22 19 20 25 26 23 24 -  1 0 3 2  RV 5-7-2-1-8-4
99       9 12 13 10 11 -  15 14 17 16 -  18 21 22 19 20 -  24 23 26 25 -  0 1 -  3 2 6 5 8 7 4  RV 5-4-5-4-2-7
100       14 15 -  17 16 20 19 22 21 18 -  25 26 23 24 0 -  1 -  2 3 -  6 5 8 7 4 11 10 13 12 9  RV 2-7-5-1-2-10
101       16 17 -  20 19 22 21 18 0 24 23 26 25 -  1 2 -  3 -  4 7 8 5 6 -  11 10 13 12 9 15 14  RV 2-10-2-1-5-7
102       18 21 22 19 20 -  0 24 23 26 25 2 1 -  3 4 -  6 5 8 7 -  9 12 13 10 11 -  15 14 17 16  RV 5-7-2-4-5-4
5       25 26 23 24 0 -  2 1 4 3 -  7 8 5 6 9 -  11 10 13 12 -  14 15 -  17 16 20 19 22 21 18  RV 5-4-5-4-2-7

RV to 6 then V to 103 and rV's back to 6
No.     Pat1           Pat2               Pat 3                  Pat 4                Pat 5              Pat 6            Actions 
0       0 3 4 1 2 -  6 5 8 7 -  9 12 13 10 11 -  15 14 17 16 -  18 21 22 19 20 -  24 23 26 25   
6       5 6 -  8 7 11 10 13 12 9 -  16 17 14 15 18 -  20 19 22 21 -  23 24 -  26 25 2 1 4 3 0  RV 2-7-5-4-2-7
103       5 -  6 9 12 13 10 11 7 8 -  18 15 14 17 16 20 19 -  21 22 -  23 -  24 0 3 4 1 2 25 26  V 1-8-7-2-1-8
104       24 -  0 3 4 1 2 25 26 5 -  8 7 11 10 13 12 9 6 18 15 14 17 16 -  19 20 -  21 -  22 23  rV 1-8-13-2-1-2
105       22 -  23 24 -  5 26 25 2 1 4 3 0 8 7 11 10 13 12 9 6 -  16 17 14 15 18 -  19 -  20 21  rV 1-2-16-5-1-2
106       20 -  21 22 -  24 23 5 26 25 2 1 4 3 0 -  6 9 12 13 10 11 7 8 -  15 14 17 16 -  18 19  rV 1-2-10-8-4-2
107       18 -  19 20 -  22 21 24 23 -  0 3 4 1 2 25 26 5 -  6 -  9 12 13 10 11 7 8 16 17 14 15  rV 1-2-4-8-1-11
6       8 7 11 10 13 12 9 -  16 17 14 15 18 -  20 19 22 21 -  23 24 -  26 25 2 1 4 3 0 -  5 6  rV 7-5-4-2-7-2

RV to 6 then RV to 7 previously done

RV to 6 then RRV to 108 finish with RV's
No.     Pat1           Pat2               Pat 3                  Pat 4                Pat 5              Pat 6      Actions 
0       0 3 4 1 2 -  6 5 8 7 -  9 12 13 10 11 -  15 14 17 16 -  18 21 22 19 20 -  24 23 26 25 f 
6       5 6 -  8 7 11 10 13 12 9 -  16 17 14 15 18 -  20 19 22 21 -  23 24 -  26 25 2 1 4 3 0  RV 2-7-5-4-2-7
108       15 14 17 16 -  18 21 22 19 20 -  24 23 26 25 -  0 3 4 1 2 -  5 -  6 9 12 13 10 11 7 8  RRV 4-5-4-5-1-8
109       23 24 -  26 25 2 1 4 3 0 -  5 6 -  8 7 11 10 13 12 9 -  14 15 -  17 16 20 19 22 21 18  RRV 2-7-2-7-2-7
110       25 26 -  2 1 4 3 0 6 5 -  9 12 13 10 11 7 8 14 -  15 -  16 17 -  20 19 22 21 18 24 23  RV 2-7-8-1-2-7
111       0 3 4 1 2 -  6 5 14 8 7 11 10 13 12 9 -  15 16 -  17 -  18 21 22 19 20 -  24 23 26 25  RV 5-10-2-1-5-4
112       5 6 -  14 8 7 11 10 13 12 9 16 15 -  17 18 -  20 19 22 21 -  23 24 -  26 25 2 1 4 3 0  RV 2-10-2-4-2-7
113       9 12 13 10 11 7 8 14 -  16 15 18 17 -  21 22 19 20 23 -  24 -  25 26 -  2 1 4 3 0 6 5  RV 8-4-5-1-2-7
114       15 16 -  18 17 23 20 19 22 21 -  24 25 -  26 -  0 3 4 1 2 -  6 5 14 8 7 11 10 13 12 9  RV 2-7-2-1-5-10
115       17 18 -  23 20 19 22 21 25 24 -  26 0 -  2 1 4 3 -  5 6 -  14 8 7 11 10 13 12 9 16 15  RV 2-7-2-4-2-10
116       21 22 19 20 23 -  25 24 0 26 -  3 4 1 2 5 -  6 -  9 12 13 10 11 7 8 14 -  16 15 18 17  RV 5-4-5-1-8-4
117       24 25 -  0 26 5 2 1 4 3 -  6 9 12 13 10 11 7 8 -  14 -  15 16 -  18 17 23 20 19 22 21  RV 2-7-8-1-2-7
118       26 0 -  5 2 1 4 3 8 7 11 10 13 12 9 6 -  14 15 -  16 -  17 18 -  23 20 19 22 21 25 24  RV 2-13-2-1-2-7
119       3 4 1 2 5 -  8 7 11 10 13 12 9 6 15 14 -  16 17 -  18 -  21 22 19 20 23 -  25 24 0 26  RV 5-10-2-1-5-4
120       6 9 12 13 10 11 7 8 -  15 14 17 16 -  18 21 22 19 20 -  23 -  24 25 -  0 26 5 2 1 4 3  RV 8-4-5-1-2-7
121       14 15 -  17 16 20 19 22 21 18 -  23 24 -  25 -  26 0 -  5 2 1 4 3 8 7 11 10 13 12 9 6  RV 2-7-2-1-2-13
122       16 17 -  20 19 22 21 18 24 23 -  25 26 -  0 -  3 4 1 2 5 -  8 7 11 10 13 12 9 6 15 14  RV 2-7-2-1-5-10
108       18 21 22 19 20 -  24 23 26 25 -  0 3 4 1 2 -  5 -  6 9 12 13 10 11 7 8 -  15 14 17 16  RV 5-4-5-1-8-4

RV to 6 then 5RV to 123
No.     Pat1           Pat2               Pat 3                  Pat 4                Pat 5              Pat 6      Actions 
0       0 3 4 1 2 -  6 5 8 7 -  9 12 13 10 11 -  15 14 17 16 -  18 21 22 19 20 -  24 23 26 25 f 
6       5 6 -  8 7 11 10 13 12 9 -  16 17 14 15 18 -  20 19 22 21 -  23 24 -  26 25 2 1 4 3 0  RV 2-7-5-4-2-7
123       25 26 -  2 1 4 3 0 6 5 -  9 12 13 10 11 7 8 16 17 14 15 -  18 -  19 20 -  22 21 24 23  rRrV 2-7-11-1-2-4
124       0 3 4 1 2 -  6 5 15 14 17 16 8 7 11 10 13 12 9 -  18 19 -  20 -  21 22 -  24 23 26 25  RV 5-13-2-1-2-4
125       5 6 -  15 14 17 16 8 7 11 10 13 12 9 19 18 -  20 21 -  22 -  23 24 -  26 25 2 1 4 3 0  RV 2-13-2-1-2-7
126       9 12 13 10 11 7 8 16 17 14 15 -  19 18 21 20 -  22 23 -  24 -  25 26 -  2 1 4 3 0 6 5  RV 11-4-2-1-2-7
127       18 19 -  21 20 23 22 -  24 25 -  26 -  0 3 4 1 2 -  6 5 15 14 17 16 8 7 11 10 13 12 9  RV 2-4-2-1-5-13
128       20 21 -  23 22 25 24 -  26 0 -  2 1 4 3 -  5 6 -  15 14 17 16 8 7 11 10 13 12 9 19 18  RV 2-4-2-4-2-13
129       22 23 -  25 24 0 26 -  3 4 1 2 5 -  6 -  9 12 13 10 11 7 8 16 17 14 15 -  19 18 21 20  RV 2-4-5-1-11-4
130       24 25 -  0 26 5 2 1 4 3 -  6 9 12 13 10 11 7 8 -  15 14 17 16 -  18 19 -  21 20 23 22  RV 2-7-8-4-2-4
131       26 0 -  5 2 1 4 3 8 7 11 10 13 12 9 6 -  16 17 14 15 18 -  19 -  20 21 -  23 22 25 24  RV 2-13-5-1-2-4
132       3 4 1 2 5 -  8 7 11 10 13 12 9 6 18 15 14 17 16 -  19 20 -  21 -  22 23 -  25 24 0 26  RV 5-13-2-1-2-4
133       6 9 12 13 10 11 7 8 -  18 15 14 17 16 20 19 -  21 22 -  23 -  24 25 -  0 26 5 2 1 4 3  RV 8-7-2-1-2-7
134       16 17 14 15 18 -  20 19 22 21 -  23 24 -  25 -  26 0 -  5 2 1 4 3 8 7 11 10 13 12 9 6  RV 5-4-2-1-2-13
135       19 20 -  22 21 24 23 -  25 26 -  0 -  3 4 1 2 5 -  8 7 11 10 13 12 9 6 18 15 14 17 16  RV 2-4-2-1-5-13
136       21 22 -  24 23 26 25 -  0 3 4 1 2 -  5 -  6 9 12 13 10 11 7 8 -  18 15 14 17 16 20 19  RV 2-4-5-1-8-7
6       23 24 -  26 25 2 1 4 3 0 -  5 6 -  8 7 11 10 13 12 9 -  16 17 14 15 18 -  20 19 22 21  RV 2-7-2-7-5-4

